{
 "cells": [
  {
   "cell_type": "code",
   "execution_count": 1,
   "metadata": {
    "collapsed": true
   },
   "outputs": [],
   "source": [
    "import numpy as np\n",
    "import pandas as pd\n",
    "import matplotlib.pyplot as plt\n",
    "%matplotlib inline  "
   ]
  },
  {
   "cell_type": "code",
   "execution_count": 2,
   "metadata": {},
   "outputs": [
    {
     "data": {
      "text/plain": [
       "(20,)"
      ]
     },
     "execution_count": 2,
     "metadata": {},
     "output_type": "execute_result"
    }
   ],
   "source": [
    "# get data\n",
    "in_file_name = \"/Users/panindra/Desktop/Machine Learning/Clustering/SCLC_study_output_filtered.csv\"\n",
    "data_in = pd.read_csv(in_file_name, header=0)\n",
    "data_in.columns.shape"
   ]
  },
  {
   "cell_type": "code",
   "execution_count": 3,
   "metadata": {},
   "outputs": [
    {
     "data": {
      "text/html": [
       "<div>\n",
       "<style>\n",
       "    .dataframe thead tr:only-child th {\n",
       "        text-align: right;\n",
       "    }\n",
       "\n",
       "    .dataframe thead th {\n",
       "        text-align: left;\n",
       "    }\n",
       "\n",
       "    .dataframe tbody tr th {\n",
       "        vertical-align: top;\n",
       "    }\n",
       "</style>\n",
       "<table border=\"1\" class=\"dataframe\">\n",
       "  <thead>\n",
       "    <tr style=\"text-align: right;\">\n",
       "      <th></th>\n",
       "      <th>Unnamed: 0</th>\n",
       "      <th>295</th>\n",
       "      <th>464</th>\n",
       "      <th>961</th>\n",
       "      <th>1000</th>\n",
       "      <th>1076</th>\n",
       "      <th>1078</th>\n",
       "      <th>1150</th>\n",
       "      <th>1153</th>\n",
       "      <th>1162</th>\n",
       "      <th>1256</th>\n",
       "      <th>1259</th>\n",
       "      <th>1262</th>\n",
       "      <th>1276</th>\n",
       "      <th>1283</th>\n",
       "      <th>1365</th>\n",
       "      <th>1381</th>\n",
       "      <th>1387</th>\n",
       "      <th>1414</th>\n",
       "      <th>1553</th>\n",
       "    </tr>\n",
       "  </thead>\n",
       "  <tbody>\n",
       "    <tr>\n",
       "      <th>0</th>\n",
       "      <td>NSCLC_A549_1</td>\n",
       "      <td>1246686.524</td>\n",
       "      <td>59929.70461</td>\n",
       "      <td>205990.1024</td>\n",
       "      <td>141932.6728</td>\n",
       "      <td>1581944.950</td>\n",
       "      <td>8.887623e+05</td>\n",
       "      <td>2010901.874</td>\n",
       "      <td>646161.3985</td>\n",
       "      <td>308624.5720</td>\n",
       "      <td>1226676.022</td>\n",
       "      <td>432775.5161</td>\n",
       "      <td>1682597.289</td>\n",
       "      <td>616102.1974</td>\n",
       "      <td>90521.64522</td>\n",
       "      <td>5.872333e+05</td>\n",
       "      <td>1664931.401</td>\n",
       "      <td>624615.6967</td>\n",
       "      <td>645473.1920</td>\n",
       "      <td>6.867305e+05</td>\n",
       "    </tr>\n",
       "    <tr>\n",
       "      <th>1</th>\n",
       "      <td>NSCLC_H1703_2</td>\n",
       "      <td>1338013.461</td>\n",
       "      <td>89261.66256</td>\n",
       "      <td>245504.4646</td>\n",
       "      <td>153877.9564</td>\n",
       "      <td>1540255.324</td>\n",
       "      <td>6.926569e+05</td>\n",
       "      <td>1551694.853</td>\n",
       "      <td>516276.2156</td>\n",
       "      <td>405340.4733</td>\n",
       "      <td>1604223.193</td>\n",
       "      <td>576127.4046</td>\n",
       "      <td>1399125.584</td>\n",
       "      <td>508743.2592</td>\n",
       "      <td>65972.45613</td>\n",
       "      <td>9.888830e+05</td>\n",
       "      <td>2281045.486</td>\n",
       "      <td>860709.5233</td>\n",
       "      <td>293504.7109</td>\n",
       "      <td>9.408252e+05</td>\n",
       "    </tr>\n",
       "    <tr>\n",
       "      <th>2</th>\n",
       "      <td>NSCLC_H1703_1</td>\n",
       "      <td>1040438.105</td>\n",
       "      <td>96002.36973</td>\n",
       "      <td>321302.7635</td>\n",
       "      <td>184414.1863</td>\n",
       "      <td>1638339.884</td>\n",
       "      <td>7.405865e+05</td>\n",
       "      <td>1437951.238</td>\n",
       "      <td>482798.7760</td>\n",
       "      <td>389654.6384</td>\n",
       "      <td>1555350.658</td>\n",
       "      <td>555434.0826</td>\n",
       "      <td>1378829.209</td>\n",
       "      <td>497591.3750</td>\n",
       "      <td>68732.01593</td>\n",
       "      <td>1.002957e+06</td>\n",
       "      <td>2026722.484</td>\n",
       "      <td>765475.8487</td>\n",
       "      <td>313811.6234</td>\n",
       "      <td>1.086556e+06</td>\n",
       "    </tr>\n",
       "    <tr>\n",
       "      <th>3</th>\n",
       "      <td>NSCLC_A549_2</td>\n",
       "      <td>1371135.588</td>\n",
       "      <td>81436.65785</td>\n",
       "      <td>299820.7353</td>\n",
       "      <td>261578.5732</td>\n",
       "      <td>1730887.909</td>\n",
       "      <td>1.144259e+06</td>\n",
       "      <td>2272554.651</td>\n",
       "      <td>773292.3518</td>\n",
       "      <td>362162.4799</td>\n",
       "      <td>1359538.194</td>\n",
       "      <td>495468.0917</td>\n",
       "      <td>1821494.948</td>\n",
       "      <td>635561.3457</td>\n",
       "      <td>89888.93269</td>\n",
       "      <td>6.085336e+05</td>\n",
       "      <td>1732423.877</td>\n",
       "      <td>649737.5435</td>\n",
       "      <td>762600.1361</td>\n",
       "      <td>8.461167e+05</td>\n",
       "    </tr>\n",
       "    <tr>\n",
       "      <th>4</th>\n",
       "      <td>NSCLC_H1437_1</td>\n",
       "      <td>1107105.986</td>\n",
       "      <td>92368.82235</td>\n",
       "      <td>225084.5830</td>\n",
       "      <td>149658.9117</td>\n",
       "      <td>1149976.279</td>\n",
       "      <td>1.306578e+06</td>\n",
       "      <td>2386937.600</td>\n",
       "      <td>802728.3053</td>\n",
       "      <td>345864.8827</td>\n",
       "      <td>1044867.464</td>\n",
       "      <td>377669.1186</td>\n",
       "      <td>1617663.099</td>\n",
       "      <td>568534.8039</td>\n",
       "      <td>84579.99092</td>\n",
       "      <td>2.421161e+05</td>\n",
       "      <td>1419139.504</td>\n",
       "      <td>531985.3086</td>\n",
       "      <td>459612.8875</td>\n",
       "      <td>4.022300e+05</td>\n",
       "    </tr>\n",
       "  </tbody>\n",
       "</table>\n",
       "</div>"
      ],
      "text/plain": [
       "      Unnamed: 0          295          464          961         1000  \\\n",
       "0   NSCLC_A549_1  1246686.524  59929.70461  205990.1024  141932.6728   \n",
       "1  NSCLC_H1703_2  1338013.461  89261.66256  245504.4646  153877.9564   \n",
       "2  NSCLC_H1703_1  1040438.105  96002.36973  321302.7635  184414.1863   \n",
       "3   NSCLC_A549_2  1371135.588  81436.65785  299820.7353  261578.5732   \n",
       "4  NSCLC_H1437_1  1107105.986  92368.82235  225084.5830  149658.9117   \n",
       "\n",
       "          1076          1078         1150         1153         1162  \\\n",
       "0  1581944.950  8.887623e+05  2010901.874  646161.3985  308624.5720   \n",
       "1  1540255.324  6.926569e+05  1551694.853  516276.2156  405340.4733   \n",
       "2  1638339.884  7.405865e+05  1437951.238  482798.7760  389654.6384   \n",
       "3  1730887.909  1.144259e+06  2272554.651  773292.3518  362162.4799   \n",
       "4  1149976.279  1.306578e+06  2386937.600  802728.3053  345864.8827   \n",
       "\n",
       "          1256         1259         1262         1276         1283  \\\n",
       "0  1226676.022  432775.5161  1682597.289  616102.1974  90521.64522   \n",
       "1  1604223.193  576127.4046  1399125.584  508743.2592  65972.45613   \n",
       "2  1555350.658  555434.0826  1378829.209  497591.3750  68732.01593   \n",
       "3  1359538.194  495468.0917  1821494.948  635561.3457  89888.93269   \n",
       "4  1044867.464  377669.1186  1617663.099  568534.8039  84579.99092   \n",
       "\n",
       "           1365         1381         1387         1414          1553  \n",
       "0  5.872333e+05  1664931.401  624615.6967  645473.1920  6.867305e+05  \n",
       "1  9.888830e+05  2281045.486  860709.5233  293504.7109  9.408252e+05  \n",
       "2  1.002957e+06  2026722.484  765475.8487  313811.6234  1.086556e+06  \n",
       "3  6.085336e+05  1732423.877  649737.5435  762600.1361  8.461167e+05  \n",
       "4  2.421161e+05  1419139.504  531985.3086  459612.8875  4.022300e+05  "
      ]
     },
     "execution_count": 3,
     "metadata": {},
     "output_type": "execute_result"
    }
   ],
   "source": [
    "data_in.head()"
   ]
  },
  {
   "cell_type": "code",
   "execution_count": 4,
   "metadata": {
    "collapsed": true
   },
   "outputs": [],
   "source": [
    "y = data_in.iloc[:,0]\n",
    "z = y"
   ]
  },
  {
   "cell_type": "code",
   "execution_count": 5,
   "metadata": {
    "collapsed": true
   },
   "outputs": [],
   "source": [
    "def startsCheck(y):\n",
    "    if y.startswith(\"SCLC\"):\n",
    "        y = \"SCLC\"\n",
    "    elif y.startswith(\"NSCLC\"):\n",
    "        y = \"NSCLC\"\n",
    "    return y"
   ]
  },
  {
   "cell_type": "code",
   "execution_count": 6,
   "metadata": {
    "collapsed": true
   },
   "outputs": [],
   "source": [
    "y = y.map(lambda x: startsCheck(x))"
   ]
  },
  {
   "cell_type": "code",
   "execution_count": 7,
   "metadata": {
    "collapsed": true
   },
   "outputs": [],
   "source": [
    "z = y"
   ]
  },
  {
   "cell_type": "code",
   "execution_count": 8,
   "metadata": {
    "collapsed": true
   },
   "outputs": [],
   "source": [
    "from sklearn.preprocessing import LabelEncoder\n",
    "\n",
    "X = data_in.iloc[:,1:].values\n",
    "y = data_in.iloc[:,0].values\n",
    "\n",
    "enc = LabelEncoder()\n",
    "label_encoder = enc.fit(y)\n",
    "y = label_encoder.transform(y) + 1\n",
    "\n",
    "label_dict = {1: 'NSCLC', 2: 'SCLC'}"
   ]
  },
  {
   "cell_type": "code",
   "execution_count": 9,
   "metadata": {},
   "outputs": [
    {
     "name": "stdout",
     "output_type": "stream",
     "text": [
      "Mean Vector class 1: [ 1246686.524      59929.70461   205990.1024    141932.6728   1581944.95\n",
      "   888762.255    2010901.874     646161.3985    308624.572    1226676.022\n",
      "   432775.5161   1682597.289     616102.1974     90521.64522   587233.2752\n",
      "  1664931.401     624615.6967    645473.192     686730.5097 ]\n",
      "\n",
      "Mean Vector class 2: [ 1371135.588      81436.65785   299820.7353    261578.5732   1730887.909\n",
      "  1144259.294    2272554.651     773292.3518    362162.4799   1359538.194\n",
      "   495468.0917   1821494.948     635561.3457     89888.93269   608533.6011\n",
      "  1732423.877     649737.5435    762600.1361    846116.6842 ]\n",
      "\n"
     ]
    }
   ],
   "source": [
    "mean_vectors = []\n",
    "for cl in range(1,3):\n",
    "    mean_vectors.append(np.mean(X[y==cl], axis=0))\n",
    "    print('Mean Vector class %s: %s\\n' %(cl, mean_vectors[cl-1]))"
   ]
  },
  {
   "cell_type": "code",
   "execution_count": 10,
   "metadata": {
    "collapsed": true
   },
   "outputs": [],
   "source": [
    "data_sample = np.c_[z,X]\n",
    "data_sample = pd.DataFrame(data_sample)\n",
    "data_sample1 = data_sample[data_sample[0] == \"NSCLC\"]\n",
    "data_sample2 = data_sample[data_sample[0] == \"SCLC\"]"
   ]
  },
  {
   "cell_type": "code",
   "execution_count": 11,
   "metadata": {
    "collapsed": true
   },
   "outputs": [],
   "source": [
    "data_sample1 = data_sample1.iloc[:,1:]\n",
    "data_sample2 = data_sample2.iloc[:,1:]\n",
    "data_sample1 = np.array(data_sample1)\n",
    "data_sample2 = np.array(data_sample2)"
   ]
  },
  {
   "cell_type": "code",
   "execution_count": 12,
   "metadata": {},
   "outputs": [
    {
     "name": "stdout",
     "output_type": "stream",
     "text": [
      "('With-in Class Scatter Matrix:\\n', array([[  4.12844306e+10,   9.95238873e+08,  -2.89798716e+07,\n",
      "         -2.60021557e+08,   1.91160692e+10,  -1.48595052e+10,\n",
      "         -3.87300387e+09,   9.18561175e+08,  -5.56303460e+09,\n",
      "          1.49326667e+08,   6.94922017e+08,   2.80727858e+10,\n",
      "          1.05963101e+10,   1.39701724e+09,   2.14999067e+09,\n",
      "          2.23857903e+10,   8.73301707e+09,   1.09591687e+10,\n",
      "          1.65593565e+10],\n",
      "       [  9.95238873e+08,   2.06031123e+08,   4.65218522e+08,\n",
      "          1.05875860e+08,   1.52800273e+09,  -2.40737009e+09,\n",
      "          1.12656522e+08,  -1.45308846e+08,  -5.26496497e+08,\n",
      "          3.64323082e+08,   1.59758348e+08,   2.69682654e+09,\n",
      "          1.03632327e+09,   1.23726212e+08,   9.17935554e+08,\n",
      "          1.94670511e+09,   7.19930690e+08,   8.38489282e+08,\n",
      "          3.83188612e+08],\n",
      "       [ -2.89798716e+07,   4.65218522e+08,   9.56744855e+09,\n",
      "          7.22126357e+09,   1.26580105e+10,   5.52237986e+09,\n",
      "          2.69158814e+10,   2.00488134e+09,  -1.05924051e+09,\n",
      "          1.02629297e+10,   3.83891449e+09,  -3.06257410e+09,\n",
      "         -1.28785580e+09,  -3.13887493e+08,   1.00939482e+10,\n",
      "          1.57799817e+10,   6.10920174e+09,   3.35447369e+09,\n",
      "          4.38893335e+09],\n",
      "       [ -2.60021557e+08,   1.05875860e+08,   7.22126357e+09,\n",
      "          6.40798517e+09,   4.80109603e+09,   1.25966676e+10,\n",
      "          2.62490665e+10,   3.43489741e+09,   4.08019347e+08,\n",
      "          8.18451695e+09,   3.11979981e+09,  -4.36382598e+09,\n",
      "         -1.86163646e+09,  -3.61741613e+08,   6.08396476e+09,\n",
      "          8.76140388e+09,   3.49954736e+09,   1.92436194e+09,\n",
      "          2.74187335e+09],\n",
      "       [  1.91160692e+10,   1.52800273e+09,   1.26580105e+10,\n",
      "          4.80109603e+09,   1.63448223e+11,  -1.18260277e+11,\n",
      "         -4.28345888e+10,  -2.38990013e+10,  -2.69349621e+10,\n",
      "         -3.97572173e+08,  -8.77218187e+07,  -6.04790752e+09,\n",
      "         -1.86012063e+09,  -1.90850750e+08,   2.58287615e+09,\n",
      "          4.37083236e+10,   1.62503171e+10,   3.38044471e+10,\n",
      "          2.19205389e+10],\n",
      "       [ -1.48595052e+10,  -2.40737009e+09,   5.52237986e+09,\n",
      "          1.25966676e+10,  -1.18260277e+11,   4.32462328e+11,\n",
      "          2.11901601e+11,   9.39701466e+10,  -1.39667329e+10,\n",
      "          5.37673694e+10,   1.84559543e+10,  -1.00309058e+10,\n",
      "         -7.37135220e+09,  -9.00510227e+08,  -4.02290888e+10,\n",
      "          1.17313985e+10,   6.19029772e+09,  -2.60215443e+10,\n",
      "          2.55169198e+10],\n",
      "       [ -3.87300387e+09,   1.12656522e+08,   2.69158814e+10,\n",
      "          2.62490665e+10,  -4.28345888e+10,   2.11901601e+11,\n",
      "          4.75274391e+11,   7.32915849e+10,   2.40942667e+10,\n",
      "          4.67362538e+10,   1.86921454e+10,   2.73045909e+10,\n",
      "          7.81694633e+09,  -2.36689070e+08,   1.14191743e+10,\n",
      "          6.12120647e+09,   2.56238180e+09,   2.03013088e+10,\n",
      "         -3.30888018e+10],\n",
      "       [  9.18561175e+08,  -1.45308846e+08,   2.00488134e+09,\n",
      "          3.43489741e+09,  -2.38990013e+10,   9.39701466e+10,\n",
      "          7.32915849e+10,   3.22593589e+10,   4.41546090e+09,\n",
      "          1.60872430e+10,   5.65072496e+09,   3.11628802e+10,\n",
      "          1.14548465e+10,   1.41497345e+09,  -3.84889643e+09,\n",
      "          1.35780557e+10,   5.39691614e+09,   6.78644906e+09,\n",
      "          1.44162535e+09],\n",
      "       [ -5.56303460e+09,  -5.26496497e+08,  -1.05924051e+09,\n",
      "          4.08019347e+08,  -2.69349621e+10,  -1.39667329e+10,\n",
      "          2.40942667e+10,   4.41546090e+09,   6.66225384e+10,\n",
      "          7.80738371e+09,   3.15006584e+09,   9.41712680e+09,\n",
      "          4.80888079e+09,   4.67156413e+07,   1.17242339e+10,\n",
      "          2.84564921e+09,   1.68690569e+09,  -1.33770148e+10,\n",
      "          1.68096722e+10],\n",
      "       [  1.49326667e+08,   3.64323082e+08,   1.02629297e+10,\n",
      "          8.18451695e+09,  -3.97572173e+08,   5.37673694e+10,\n",
      "          4.67362538e+10,   1.60872430e+10,   7.80738371e+09,\n",
      "          6.10358446e+10,   2.20661560e+10,   1.30703387e+10,\n",
      "          5.95969528e+09,   7.45323333e+08,   5.13482923e+10,\n",
      "          8.94176312e+10,   3.40373414e+10,   5.41760670e+09,\n",
      "          4.79135295e+10],\n",
      "       [  6.94922017e+08,   1.59758348e+08,   3.83891449e+09,\n",
      "          3.11979981e+09,  -8.77218187e+07,   1.84559543e+10,\n",
      "          1.86921454e+10,   5.65072496e+09,   3.15006584e+09,\n",
      "          2.20661560e+10,   8.09372025e+09,   4.26479407e+09,\n",
      "          1.95640129e+09,   2.39419221e+08,   1.86920174e+10,\n",
      "          3.15992264e+10,   1.20458108e+10,   1.71243275e+09,\n",
      "          1.70118752e+10],\n",
      "       [  2.80727858e+10,   2.69682654e+09,  -3.06257410e+09,\n",
      "         -4.36382598e+09,  -6.04790752e+09,  -1.00309058e+10,\n",
      "          2.73045909e+10,   3.11628802e+10,   9.41712680e+09,\n",
      "          1.30703387e+10,   4.26479407e+09,   1.79597938e+11,\n",
      "          6.94738994e+10,   9.09881767e+09,   2.28731457e+10,\n",
      "          5.85368136e+10,   2.15371085e+10,   5.60169578e+10,\n",
      "         -3.61004873e+09],\n",
      "       [  1.05963101e+10,   1.03632327e+09,  -1.28785580e+09,\n",
      "         -1.86163646e+09,  -1.86012063e+09,  -7.37135220e+09,\n",
      "          7.81694633e+09,   1.14548465e+10,   4.80888079e+09,\n",
      "          5.95969528e+09,   1.95640129e+09,   6.94738994e+10,\n",
      "          2.71728730e+10,   3.49646376e+09,   1.00289807e+10,\n",
      "          2.44644995e+10,   8.98811146e+09,   2.16451070e+10,\n",
      "         -1.00889735e+09],\n",
      "       [  1.39701724e+09,   1.23726212e+08,  -3.13887493e+08,\n",
      "         -3.61741613e+08,  -1.90850750e+08,  -9.00510227e+08,\n",
      "         -2.36689070e+08,   1.41497345e+09,   4.67156413e+07,\n",
      "          7.45323333e+08,   2.39419221e+08,   9.09881767e+09,\n",
      "          3.49646376e+09,   5.92989872e+08,   1.36722945e+09,\n",
      "          3.89349388e+09,   1.43953822e+09,   3.16560284e+09,\n",
      "          9.01453020e+07],\n",
      "       [  2.14999067e+09,   9.17935554e+08,   1.00939482e+10,\n",
      "          6.08396476e+09,   2.58287615e+09,  -4.02290888e+10,\n",
      "          1.14191743e+10,  -3.84889643e+09,   1.17242339e+10,\n",
      "          5.13482923e+10,   1.86920174e+10,   2.28731457e+10,\n",
      "          1.00289807e+10,   1.36722945e+09,   7.91800436e+10,\n",
      "          8.88040335e+10,   3.28613109e+10,   1.28316186e+10,\n",
      "          3.87898971e+10],\n",
      "       [  2.23857903e+10,   1.94670511e+09,   1.57799817e+10,\n",
      "          8.76140388e+09,   4.37083236e+10,   1.17313985e+10,\n",
      "          6.12120647e+09,   1.35780557e+10,   2.84564921e+09,\n",
      "          8.94176312e+10,   3.15992264e+10,   5.85368136e+10,\n",
      "          2.44644995e+10,   3.89349388e+09,   8.88040335e+10,\n",
      "          2.29625649e+11,   8.72294683e+10,   5.15514154e+10,\n",
      "          1.02576907e+11],\n",
      "       [  8.73301707e+09,   7.19930690e+08,   6.10920174e+09,\n",
      "          3.49954736e+09,   1.62503171e+10,   6.19029772e+09,\n",
      "          2.56238180e+09,   5.39691614e+09,   1.68690569e+09,\n",
      "          3.40373414e+10,   1.20458108e+10,   2.15371085e+10,\n",
      "          8.98811146e+09,   1.43953822e+09,   3.28613109e+10,\n",
      "          8.72294683e+10,   3.32636821e+10,   1.86251951e+10,\n",
      "          3.97184936e+10],\n",
      "       [  1.09591687e+10,   8.38489282e+08,   3.35447369e+09,\n",
      "          1.92436194e+09,   3.38044471e+10,  -2.60215443e+10,\n",
      "          2.03013088e+10,   6.78644906e+09,  -1.33770148e+10,\n",
      "          5.41760670e+09,   1.71243275e+09,   5.60169578e+10,\n",
      "          2.16451070e+10,   3.16560284e+09,   1.28316186e+10,\n",
      "          5.15514154e+10,   1.86251951e+10,   5.93262531e+10,\n",
      "          4.61781293e+08],\n",
      "       [  1.65593565e+10,   3.83188612e+08,   4.38893335e+09,\n",
      "          2.74187335e+09,   2.19205389e+10,   2.55169198e+10,\n",
      "         -3.30888018e+10,   1.44162535e+09,   1.68096722e+10,\n",
      "          4.79135295e+10,   1.70118752e+10,  -3.61004873e+09,\n",
      "         -1.00889735e+09,   9.01453020e+07,   3.87898971e+10,\n",
      "          1.02576907e+11,   3.97184936e+10,   4.61781293e+08,\n",
      "          9.80946390e+10]]))\n"
     ]
    }
   ],
   "source": [
    "#Scatter matrix with-in class\n",
    "cov1 = np.cov(data_sample1.astype(float), rowvar=False)\n",
    "cov1.shape\n",
    "cov2 = np.cov(data_sample2.astype(float), rowvar=False)\n",
    "cov2.shape\n",
    "S_W = cov1 + cov2\n",
    "print('With-in Class Scatter Matrix:\\n', S_W)"
   ]
  },
  {
   "cell_type": "markdown",
   "metadata": {},
   "source": [
    " "
   ]
  },
  {
   "cell_type": "code",
   "execution_count": 13,
   "metadata": {},
   "outputs": [
    {
     "name": "stdout",
     "output_type": "stream",
     "text": [
      "('between-class Scatter Matrix:\\n', array([[  5.52897784e+10,  -3.64904256e+09,   1.40043947e+10,\n",
      "          2.70004486e+10,   2.05582519e+11,   1.06920331e+11,\n",
      "          1.74705449e+11,   4.55757869e+10,  -5.62507484e+09,\n",
      "          1.34601791e+11,   5.18918732e+10,  -3.64601742e+10,\n",
      "         -1.76465441e+10,  -8.25719414e+08,   4.20925991e+10,\n",
      "          1.23430166e+11,   4.84711696e+10,  -1.67560440e+09,\n",
      "          1.30770780e+11],\n",
      "       [ -3.64904256e+09,   7.54414029e+08,   1.52456940e+08,\n",
      "         -7.64654691e+08,  -1.89906249e+10,  -6.80022096e+09,\n",
      "         -1.38041179e+10,  -2.58375612e+09,   1.51519859e+09,\n",
      "         -1.18230363e+10,  -4.35980314e+09,   6.22468101e+09,\n",
      "          2.18728481e+09,   7.56796691e+07,  -4.04719306e+09,\n",
      "         -1.17808161e+10,  -4.65023091e+09,   2.19977042e+09,\n",
      "         -1.09628379e+10],\n",
      "       [  1.40043947e+10,   1.52456940e+08,   5.80454089e+09,\n",
      "          8.97180802e+09,   4.07039278e+10,   2.76194013e+10,\n",
      "          3.94842278e+10,   1.24332178e+10,   9.73515365e+08,\n",
      "          2.79306988e+10,   1.11834730e+10,  -1.22982858e+09,\n",
      "         -2.32574491e+09,  -1.64736122e+08,   8.00090867e+09,\n",
      "          2.36437717e+10,   9.23484974e+09,   3.95555664e+09,\n",
      "          2.82336636e+10],\n",
      "       [  2.70004486e+10,  -7.64654691e+08,   8.97180802e+09,\n",
      "          1.52007108e+10,   8.96538762e+10,   5.27217494e+10,\n",
      "          8.08122970e+10,   2.30969118e+10,  -4.80966442e+08,\n",
      "          5.99092468e+10,   2.34889644e+10,  -1.02414807e+10,\n",
      "         -6.59188592e+09,  -3.61274016e+08,   1.80416858e+10,\n",
      "          5.30767720e+10,   2.07959859e+10,   3.32010349e+09,\n",
      "          5.92414835e+10],\n",
      "       [  2.05582519e+11,  -1.89906249e+10,   4.07039278e+10,\n",
      "          8.96538762e+10,   8.21663502e+11,   3.94852339e+11,\n",
      "          6.73609994e+11,   1.64984709e+11,  -3.29935923e+10,\n",
      "          5.31522186e+11,   2.02820237e+11,  -1.75883788e+11,\n",
      "         -7.64118644e+10,  -3.29390855e+09,   1.69911624e+11,\n",
      "          4.97321901e+11,   1.95551131e+11,  -2.82882779e+10,\n",
      "          5.10864864e+11],\n",
      "       [  1.06920331e+11,  -6.80022096e+09,   2.76194013e+10,\n",
      "          5.27217494e+10,   3.94852339e+11,   2.06892353e+11,\n",
      "          3.36713420e+11,   8.83469792e+10,  -1.03068502e+10,\n",
      "          2.58827979e+11,   9.98826785e+10,  -6.86013356e+10,\n",
      "         -3.36147304e+10,  -1.58621655e+09,   8.07658890e+10,\n",
      "          2.36877135e+11,   9.30100008e+10,  -2.19747293e+09,\n",
      "          2.51722673e+11],\n",
      "       [  1.74705449e+11,  -1.38041179e+10,   3.94842278e+10,\n",
      "          8.08122970e+10,   6.73609994e+11,   3.36713420e+11,\n",
      "          5.62103869e+11,   1.42133047e+11,  -2.28388913e+10,\n",
      "          4.38331042e+11,   1.68108365e+11,  -1.32112697e+11,\n",
      "         -6.02874093e+10,  -2.70290709e+09,   1.38623781e+11,\n",
      "          4.06108200e+11,   1.59584935e+11,  -1.45441830e+10,\n",
      "          4.23536763e+11],\n",
      "       [  4.55757869e+10,  -2.58375612e+09,   1.24332178e+10,\n",
      "          2.30969118e+10,   1.64984709e+11,   8.83469792e+10,\n",
      "          1.42133047e+11,   3.79188057e+10,  -3.69198077e+09,\n",
      "          1.08525481e+11,   4.20026195e+10,  -2.69007419e+10,\n",
      "         -1.37015643e+10,  -6.63151038e+08,   3.36490410e+10,\n",
      "          9.87425369e+10,   3.87565772e+10,   3.44281846e+08,\n",
      "          1.05869177e+11],\n",
      "       [ -5.62507484e+09,   1.51519859e+09,   9.73515365e+08,\n",
      "         -4.80966442e+08,  -3.29935923e+10,  -1.03068502e+10,\n",
      "         -2.28388913e+10,  -3.69198077e+09,   3.12031859e+09,\n",
      "         -2.02416000e+10,  -7.36203230e+09,   1.22143968e+10,\n",
      "          4.07314803e+09,   1.31190969e+08,  -7.10930707e+09,\n",
      "         -2.06532620e+10,  -8.16377409e+09,   4.82391090e+09,\n",
      "         -1.84990147e+10],\n",
      "       [  1.34601791e+11,  -1.18230363e+10,   2.79306988e+10,\n",
      "          5.99092468e+10,   5.31522186e+11,   2.58827979e+11,\n",
      "          4.38331042e+11,   1.08525481e+11,  -2.02416000e+10,\n",
      "          3.44509709e+11,   1.31681287e+11,  -1.10616144e+11,\n",
      "         -4.88132712e+10,  -2.13144091e+09,   1.09737560e+11,\n",
      "          3.21291014e+11,   1.26308095e+11,  -1.60367814e+10,\n",
      "          3.31706949e+11],\n",
      "       [  5.18918732e+10,  -4.35980314e+09,   1.11834730e+10,\n",
      "          2.34889644e+10,   2.02820237e+11,   9.98826785e+10,\n",
      "          1.68108365e+11,   4.20026195e+10,  -7.36203230e+09,\n",
      "          1.31681287e+11,   5.04050624e+10,  -4.11710958e+10,\n",
      "         -1.84238473e+10,  -8.13539827e+08,   4.18163202e+10,\n",
      "          1.22461695e+11,   4.81343449e+10,  -5.37614821e+09,\n",
      "          1.26979975e+11],\n",
      "       [ -3.64601742e+10,   6.22468101e+09,  -1.22982858e+09,\n",
      "         -1.02414807e+10,  -1.75883788e+11,  -6.86013356e+10,\n",
      "         -1.32112697e+11,  -2.69007419e+10,   1.22143968e+10,\n",
      "         -1.10616144e+11,  -4.11710958e+10,   5.24318417e+10,\n",
      "          1.92398778e+10,   7.02004341e+08,  -3.71932398e+10,\n",
      "         -1.08416981e+11,  -4.27530963e+10,   1.66375320e+10,\n",
      "         -1.03574273e+11],\n",
      "       [ -1.76465441e+10,   2.18728481e+09,  -2.32574491e+09,\n",
      "         -6.59188592e+09,  -7.64118644e+10,  -3.36147304e+10,\n",
      "         -6.02874093e+10,  -1.37015643e+10,   4.07314803e+09,\n",
      "         -4.88132712e+10,  -1.84238473e+10,   1.92398778e+10,\n",
      "          7.66841998e+09,   3.05720635e+08,  -1.59615753e+10,\n",
      "         -4.66317382e+10,  -1.83599087e+10,   4.69474849e+09,\n",
      "         -4.63811854e+10],\n",
      "       [ -8.25719414e+08,   7.56796691e+07,  -1.64736122e+08,\n",
      "         -3.61274016e+08,  -3.29390855e+09,  -1.58621655e+09,\n",
      "         -2.70290709e+09,  -6.63151038e+08,   1.31190969e+08,\n",
      "         -2.13144091e+09,  -8.13539827e+08,   7.02004341e+08,\n",
      "          3.05720635e+08,   1.32053597e+07,  -6.80975134e+08,\n",
      "         -1.99326940e+09,  -7.83744615e+08,   1.11195368e+08,\n",
      "         -2.04917578e+09],\n",
      "       [  4.20925991e+10,  -4.04719306e+09,   8.00090867e+09,\n",
      "          1.80416858e+10,   1.69911624e+11,   8.07658890e+10,\n",
      "          1.38623781e+11,   3.36490410e+10,  -7.10930707e+09,\n",
      "          1.09737560e+11,   4.18163202e+10,  -3.71932398e+10,\n",
      "         -1.59615753e+10,  -6.80975134e+08,   3.51817277e+10,\n",
      "          1.02950181e+11,   4.04876936e+10,  -6.43835633e+09,\n",
      "          1.05320100e+11],\n",
      "       [  1.23430166e+11,  -1.17808161e+10,   2.36437717e+10,\n",
      "          5.30767720e+10,   4.97321901e+11,   2.36877135e+11,\n",
      "          4.06108200e+11,   9.87425369e+10,  -2.06532620e+10,\n",
      "          3.21291014e+11,   1.22461695e+11,  -1.08416981e+11,\n",
      "         -4.66317382e+10,  -1.99326940e+09,   1.02950181e+11,\n",
      "          3.01270358e+11,   1.18478294e+11,  -1.85257465e+10,\n",
      "          3.08440327e+11],\n",
      "       [  4.84711696e+10,  -4.65023091e+09,   9.23484974e+09,\n",
      "          2.07959859e+10,   1.95551131e+11,   9.30100008e+10,\n",
      "          1.59584935e+11,   3.87565772e+10,  -8.16377409e+09,\n",
      "          1.26308095e+11,   4.81343449e+10,  -4.27530963e+10,\n",
      "         -1.83599087e+10,  -7.83744615e+08,   4.04876936e+10,\n",
      "          1.18478294e+11,   4.65940705e+10,  -7.37226633e+09,\n",
      "          1.21233362e+11],\n",
      "       [ -1.67560440e+09,   2.19977042e+09,   3.95555664e+09,\n",
      "          3.32010349e+09,  -2.82882779e+10,  -2.19747293e+09,\n",
      "         -1.45441830e+10,   3.44281846e+08,   4.82391090e+09,\n",
      "         -1.60367814e+10,  -5.37614821e+09,   1.66375320e+10,\n",
      "          4.69474849e+09,   1.11195368e+08,  -6.43835633e+09,\n",
      "         -1.85257465e+10,  -7.37226633e+09,   8.54928710e+09,\n",
      "         -1.34500335e+10],\n",
      "       [  1.30770780e+11,  -1.09628379e+10,   2.82336636e+10,\n",
      "          5.92414835e+10,   5.10864864e+11,   2.51722673e+11,\n",
      "          4.23536763e+11,   1.05869177e+11,  -1.84990147e+10,\n",
      "          3.31706949e+11,   1.26979975e+11,  -1.03574273e+11,\n",
      "         -4.63811854e+10,  -2.04917578e+09,   1.05320100e+11,\n",
      "          3.08440327e+11,   1.21233362e+11,  -1.34500335e+10,\n",
      "          3.19887894e+11]]))\n"
     ]
    }
   ],
   "source": [
    "#Covariance between the class\n",
    "overall_mean = np.mean(X, axis=0)\n",
    "\n",
    "S_B = np.zeros((19,19))\n",
    "for i,mean_vec in enumerate(mean_vectors):  \n",
    "    n = X[y==i+1,:].shape[0]\n",
    "    mean_vec = mean_vec.reshape(19,1) # make column vector\n",
    "    overall_mean = overall_mean.reshape(19,1) # make column vector\n",
    "    S_B += n * (mean_vec - overall_mean).dot((mean_vec - overall_mean).T)\n",
    "\n",
    "print('between-class Scatter Matrix:\\n', S_B)"
   ]
  },
  {
   "cell_type": "code",
   "execution_count": 14,
   "metadata": {},
   "outputs": [
    {
     "name": "stdout",
     "output_type": "stream",
     "text": [
      "\n",
      "Eigenvector 1: \n",
      "[[-0.01738382]\n",
      " [ 0.43530765]\n",
      " [ 0.30801123]\n",
      " [-0.33125176]\n",
      " [-0.03189682]\n",
      " [ 0.03097395]\n",
      " [-0.00517313]\n",
      " [-0.03780931]\n",
      " [ 0.00772285]\n",
      " [-0.11641737]\n",
      " [-0.01299979]\n",
      " [-0.19925564]\n",
      " [ 0.51354968]\n",
      " [-0.08793038]\n",
      " [ 0.05932472]\n",
      " [-0.18808125]\n",
      " [ 0.48599685]\n",
      " [ 0.04604176]\n",
      " [ 0.00413274]]\n",
      "Eigenvalue 1: 3.09e+01\n",
      "\n",
      "Eigenvector 2: \n",
      "[[ -3.17425975e-03]\n",
      " [  7.96413564e-01]\n",
      " [ -1.93054338e-01]\n",
      " [  2.34263730e-01]\n",
      " [  7.67447885e-04]\n",
      " [ -5.84702665e-04]\n",
      " [ -9.15956091e-03]\n",
      " [  1.15375756e-02]\n",
      " [  2.08526192e-02]\n",
      " [  3.47488892e-02]\n",
      " [ -4.87054327e-02]\n",
      " [  1.44349063e-01]\n",
      " [ -3.83940466e-01]\n",
      " [ -2.02923225e-01]\n",
      " [ -6.48604730e-03]\n",
      " [  8.85380606e-02]\n",
      " [ -2.27437795e-01]\n",
      " [  1.22696315e-02]\n",
      " [ -1.22100595e-02]]\n",
      "Eigenvalue 2: 8.84e+00\n",
      "\n",
      "Eigenvector 3: \n",
      "[[-0.00443905]\n",
      " [ 0.68963585]\n",
      " [ 0.08370413]\n",
      " [-0.13315094]\n",
      " [-0.0139629 ]\n",
      " [ 0.02253184]\n",
      " [-0.0062401 ]\n",
      " [-0.02060666]\n",
      " [ 0.01789778]\n",
      " [ 0.14877445]\n",
      " [-0.32184404]\n",
      " [-0.11653879]\n",
      " [ 0.1874327 ]\n",
      " [-0.09988401]\n",
      " [ 0.04561421]\n",
      " [-0.182575  ]\n",
      " [ 0.52493411]\n",
      " [ 0.05179733]\n",
      " [-0.0100483 ]]\n",
      "Eigenvalue 3: -3.38e-13\n",
      "\n",
      "Eigenvector 4: \n",
      "[[-0.03187557]\n",
      " [ 0.75062699]\n",
      " [ 0.15201996]\n",
      " [-0.16434184]\n",
      " [-0.01003588]\n",
      " [ 0.03832588]\n",
      " [-0.01219961]\n",
      " [-0.01447942]\n",
      " [ 0.0217849 ]\n",
      " [-0.12740985]\n",
      " [ 0.29809688]\n",
      " [-0.18086369]\n",
      " [ 0.21614315]\n",
      " [-0.21442366]\n",
      " [ 0.06726616]\n",
      " [-0.11048927]\n",
      " [ 0.36581523]\n",
      " [ 0.04421993]\n",
      " [-0.00335325]]\n",
      "Eigenvalue 4: -1.37e-13\n",
      "\n",
      "Eigenvector 5: \n",
      "[[-0.02166999]\n",
      " [ 0.71054576]\n",
      " [ 0.22557997]\n",
      " [-0.23790701]\n",
      " [-0.03084278]\n",
      " [ 0.02276488]\n",
      " [-0.01029106]\n",
      " [-0.02167729]\n",
      " [ 0.02254215]\n",
      " [ 0.02412417]\n",
      " [-0.24067952]\n",
      " [-0.08534867]\n",
      " [ 0.19356246]\n",
      " [-0.20145564]\n",
      " [ 0.02537749]\n",
      " [ 0.07012044]\n",
      " [ 0.31418611]\n",
      " [ 0.05437607]\n",
      " [-0.01228522]]\n",
      "Eigenvalue 5: -5.00e-14\n",
      "\n",
      "Eigenvector 6: \n",
      "[[-0.02166999]\n",
      " [ 0.71054576]\n",
      " [ 0.22557997]\n",
      " [-0.23790701]\n",
      " [-0.03084278]\n",
      " [ 0.02276488]\n",
      " [-0.01029106]\n",
      " [-0.02167729]\n",
      " [ 0.02254215]\n",
      " [ 0.02412417]\n",
      " [-0.24067952]\n",
      " [-0.08534867]\n",
      " [ 0.19356246]\n",
      " [-0.20145564]\n",
      " [ 0.02537749]\n",
      " [ 0.07012044]\n",
      " [ 0.31418611]\n",
      " [ 0.05437607]\n",
      " [-0.01228522]]\n",
      "Eigenvalue 6: -5.00e-14\n",
      "\n",
      "Eigenvector 7: \n",
      "[[ -2.79048318e-02]\n",
      " [  9.12290123e-01]\n",
      " [ -7.14913242e-02]\n",
      " [  7.89171350e-02]\n",
      " [ -6.45782982e-04]\n",
      " [  2.98608494e-02]\n",
      " [ -1.35763288e-02]\n",
      " [ -3.65106983e-02]\n",
      " [  3.08206199e-02]\n",
      " [  2.34334035e-02]\n",
      " [ -1.34744809e-01]\n",
      " [ -1.76492050e-01]\n",
      " [  4.70276109e-03]\n",
      " [ -1.38660751e-01]\n",
      " [  6.12167880e-02]\n",
      " [  5.46275529e-02]\n",
      " [ -1.25795025e-01]\n",
      " [  7.66651475e-02]\n",
      " [ -6.35105445e-03]]\n",
      "Eigenvalue 7: 2.85e-14\n",
      "\n",
      "Eigenvector 8: \n",
      "[[ -2.79048318e-02]\n",
      " [  9.12290123e-01]\n",
      " [ -7.14913242e-02]\n",
      " [  7.89171350e-02]\n",
      " [ -6.45782982e-04]\n",
      " [  2.98608494e-02]\n",
      " [ -1.35763288e-02]\n",
      " [ -3.65106983e-02]\n",
      " [  3.08206199e-02]\n",
      " [  2.34334035e-02]\n",
      " [ -1.34744809e-01]\n",
      " [ -1.76492050e-01]\n",
      " [  4.70276109e-03]\n",
      " [ -1.38660751e-01]\n",
      " [  6.12167880e-02]\n",
      " [  5.46275529e-02]\n",
      " [ -1.25795025e-01]\n",
      " [  7.66651475e-02]\n",
      " [ -6.35105445e-03]]\n",
      "Eigenvalue 8: 2.85e-14\n",
      "\n",
      "Eigenvector 9: \n",
      "[[ -3.67699267e-02]\n",
      " [  8.65723992e-01]\n",
      " [  7.61965756e-02]\n",
      " [ -1.56517109e-01]\n",
      " [ -8.52753194e-03]\n",
      " [  3.04744923e-02]\n",
      " [ -1.24905862e-02]\n",
      " [ -1.43431079e-02]\n",
      " [  2.20775417e-02]\n",
      " [  3.08189817e-04]\n",
      " [ -5.92902571e-02]\n",
      " [ -9.37291326e-02]\n",
      " [  1.23348443e-01]\n",
      " [ -2.50532189e-01]\n",
      " [  3.96941945e-02]\n",
      " [  2.23695197e-02]\n",
      " [  2.04096224e-01]\n",
      " [  4.32476116e-02]\n",
      " [ -2.18608477e-02]]\n",
      "Eigenvalue 9: -5.03e-15\n",
      "\n",
      "Eigenvector 10: \n",
      "[[ -3.67699267e-02]\n",
      " [  8.65723992e-01]\n",
      " [  7.61965756e-02]\n",
      " [ -1.56517109e-01]\n",
      " [ -8.52753194e-03]\n",
      " [  3.04744923e-02]\n",
      " [ -1.24905862e-02]\n",
      " [ -1.43431079e-02]\n",
      " [  2.20775417e-02]\n",
      " [  3.08189817e-04]\n",
      " [ -5.92902571e-02]\n",
      " [ -9.37291326e-02]\n",
      " [  1.23348443e-01]\n",
      " [ -2.50532189e-01]\n",
      " [  3.96941945e-02]\n",
      " [  2.23695197e-02]\n",
      " [  2.04096224e-01]\n",
      " [  4.32476116e-02]\n",
      " [ -2.18608477e-02]]\n",
      "Eigenvalue 10: -5.03e-15\n",
      "\n",
      "Eigenvector 11: \n",
      "[[-0.08750645]\n",
      " [ 0.62159075]\n",
      " [-0.14296768]\n",
      " [-0.1743651 ]\n",
      " [ 0.0228806 ]\n",
      " [ 0.00891484]\n",
      " [-0.00365249]\n",
      " [-0.069322  ]\n",
      " [ 0.0545232 ]\n",
      " [ 0.00428565]\n",
      " [-0.01628835]\n",
      " [-0.00233857]\n",
      " [ 0.17533806]\n",
      " [-0.35002509]\n",
      " [-0.02827366]\n",
      " [ 0.03815427]\n",
      " [ 0.24334257]\n",
      " [ 0.18541346]\n",
      " [ 0.00189815]]\n",
      "Eigenvalue 11: -4.21e-16\n",
      "\n",
      "Eigenvector 12: \n",
      "[[-0.08750645]\n",
      " [ 0.62159075]\n",
      " [-0.14296768]\n",
      " [-0.1743651 ]\n",
      " [ 0.0228806 ]\n",
      " [ 0.00891484]\n",
      " [-0.00365249]\n",
      " [-0.069322  ]\n",
      " [ 0.0545232 ]\n",
      " [ 0.00428565]\n",
      " [-0.01628835]\n",
      " [-0.00233857]\n",
      " [ 0.17533806]\n",
      " [-0.35002509]\n",
      " [-0.02827366]\n",
      " [ 0.03815427]\n",
      " [ 0.24334257]\n",
      " [ 0.18541346]\n",
      " [ 0.00189815]]\n",
      "Eigenvalue 12: -4.21e-16\n",
      "\n",
      "Eigenvector 13: \n",
      "[[-0.0059903 ]\n",
      " [ 0.9114278 ]\n",
      " [-0.17313391]\n",
      " [ 0.03360318]\n",
      " [-0.003873  ]\n",
      " [ 0.03789101]\n",
      " [-0.00592016]\n",
      " [-0.08296485]\n",
      " [-0.00186155]\n",
      " [ 0.00839107]\n",
      " [ 0.00383444]\n",
      " [-0.0268648 ]\n",
      " [-0.2237742 ]\n",
      " [ 0.10416268]\n",
      " [-0.01259087]\n",
      " [ 0.0042315 ]\n",
      " [ 0.05803439]\n",
      " [ 0.03797875]\n",
      " [-0.0167327 ]]\n",
      "Eigenvalue 13: 6.35e-15\n",
      "\n",
      "Eigenvector 14: \n",
      "[[-0.0059903 ]\n",
      " [ 0.9114278 ]\n",
      " [-0.17313391]\n",
      " [ 0.03360318]\n",
      " [-0.003873  ]\n",
      " [ 0.03789101]\n",
      " [-0.00592016]\n",
      " [-0.08296485]\n",
      " [-0.00186155]\n",
      " [ 0.00839107]\n",
      " [ 0.00383444]\n",
      " [-0.0268648 ]\n",
      " [-0.2237742 ]\n",
      " [ 0.10416268]\n",
      " [-0.01259087]\n",
      " [ 0.0042315 ]\n",
      " [ 0.05803439]\n",
      " [ 0.03797875]\n",
      " [-0.0167327 ]]\n",
      "Eigenvalue 14: 6.35e-15\n",
      "\n",
      "Eigenvector 15: \n",
      "[[  4.68057135e-02]\n",
      " [ -7.96656158e-01]\n",
